# Blender v3.3.1 OBJ File: 'zombie.blend'
# www.blender.org
mtllib walk_000006.mtl
o Cube
v -1.182201 4.990931 -0.724032
v -1.098577 2.052728 -0.681027
v 1.219047 5.062428 -0.508349
v 1.302670 2.124226 -0.465344
v -1.303232 5.007130 0.618070
v -1.219609 2.068927 0.661075
v 1.098015 5.078628 0.833752
v 1.181639 2.140425 0.876757
vt 0.875000 0.500000
vt 0.625000 0.750000
vt 0.625000 0.500000
vt 0.375000 1.000000
vt 0.375000 0.750000
vt 0.625000 0.000000
vt 0.375000 0.250000
vt 0.375000 0.000000
vt 0.375000 0.500000
vt 0.125000 0.750000
vt 0.125000 0.500000
vt 0.625000 0.250000
vt 0.875000 0.750000
vt 0.625000 1.000000
vn -0.0284 0.9995 -0.0146
vn 0.9956 0.0296 0.0894
vn -0.0898 0.0120 0.9959
vn 0.0284 -0.9995 0.0146
vn 0.0898 -0.0120 -0.9959
vn -0.9956 -0.0296 -0.0894
usemtl Material
s off
f 5/1/1 3/2/1 1/3/1
f 3/2/2 8/4/2 4/5/2
f 7/6/3 6/7/3 8/8/3
f 2/9/4 8/10/4 6/11/4
f 1/3/5 4/5/5 2/9/5
f 5/12/6 2/9/6 6/7/6
f 5/1/1 7/13/1 3/2/1
f 3/2/2 7/14/2 8/4/2
f 7/6/3 5/12/3 6/7/3
f 2/9/4 4/5/4 8/10/4
f 1/3/5 3/2/5 4/5/5
f 5/12/6 1/3/6 2/9/6
o leg_Cube.001
v -0.044721 -0.036572 -0.710409
v -0.048947 2.424243 0.437441
v -0.957789 -0.036572 -0.713770
v -0.962015 2.424243 0.434079
v -0.041674 0.349409 -1.537884
v -0.045900 2.810225 -0.390034
v -0.954743 0.349409 -1.541245
v -0.958969 2.810225 -0.393396
vt 0.625000 0.000000
vt 0.375000 0.250000
vt 0.375000 0.000000
vt 0.625000 0.250000
vt 0.375000 0.500000
vt 0.625000 0.500000
vt 0.375000 0.750000
vt 0.625000 0.750000
vt 0.375000 1.000000
vt 0.125000 0.750000
vt 0.125000 0.500000
vt 0.875000 0.500000
vt 0.625000 1.000000
vt 0.875000 0.750000
vn -0.0033 -0.4227 0.9063
vn -1.0000 0.0000 -0.0037
vn 0.0033 0.4227 -0.9063
vn 1.0000 0.0000 0.0037
vn 0.0016 -0.9063 -0.4227
vn -0.0016 0.9063 0.4227
usemtl Material.002
s off
f 10/15/7 11/16/7 9/17/7
f 12/18/8 15/19/8 11/16/8
f 16/20/9 13/21/9 15/19/9
f 14/22/10 9/23/10 13/21/10
f 15/19/11 9/24/11 11/25/11
f 12/26/12 14/22/12 16/20/12
f 10/15/7 12/18/7 11/16/7
f 12/18/8 16/20/8 15/19/8
f 16/20/9 14/22/9 13/21/9
f 14/22/10 10/27/10 9/23/10
f 15/19/11 13/21/11 9/24/11
f 12/26/12 10/28/12 14/22/12
o leg.002_Cube.006
v 1.776672 1.788055 -0.314674
v 1.774004 4.698693 0.409865
v 0.912359 1.788055 -0.317856
v 0.909691 4.698693 0.406683
v 1.779760 1.996838 -1.153392
v 1.777092 4.907476 -0.428853
v 0.915446 1.996838 -1.156574
v 0.912779 4.907476 -0.432035
vt 0.625000 0.000000
vt 0.375000 0.250000
vt 0.375000 0.000000
vt 0.625000 0.250000
vt 0.375000 0.500000
vt 0.625000 0.500000
vt 0.375000 0.750000
vt 0.625000 0.750000
vt 0.375000 1.000000
vt 0.125000 0.750000
vt 0.125000 0.500000
vt 0.875000 0.500000
vt 0.625000 1.000000
vt 0.875000 0.750000
vn -0.0036 -0.2416 0.9704
vn -1.0000 -0.0000 -0.0037
vn 0.0036 0.2416 -0.9704
vn 1.0000 0.0000 0.0037
vn 0.0009 -0.9704 -0.2416
vn -0.0009 0.9704 0.2416
usemtl Material.006
s off
f 18/29/13 19/30/13 17/31/13
f 20/32/14 23/33/14 19/30/14
f 24/34/15 21/35/15 23/33/15
f 22/36/16 17/37/16 21/35/16
f 23/33/17 17/38/17 19/39/17
f 20/40/18 22/36/18 24/34/18
f 18/29/13 20/32/13 19/30/13
f 20/32/14 24/34/14 23/33/14
f 24/34/15 22/36/15 21/35/15
f 22/36/16 18/41/16 17/37/16
f 23/33/17 21/35/17 17/38/17
f 20/40/18 18/42/18 22/36/18
o leg.003_Cube.002
v -0.830936 2.060757 1.192550
v -0.827454 4.907261 0.246938
v -1.695249 2.060757 1.189367
v -1.691768 4.907261 0.243756
v -0.827916 1.788270 0.372312
v -0.824434 4.634774 -0.573299
v -1.692229 1.788270 0.369130
v -1.688748 4.634774 -0.576481
vt 0.625000 0.000000
vt 0.375000 0.250000
vt 0.375000 0.000000
vt 0.625000 0.250000
vt 0.375000 0.500000
vt 0.625000 0.500000
vt 0.375000 0.750000
vt 0.625000 0.750000
vt 0.375000 1.000000
vt 0.125000 0.750000
vt 0.125000 0.500000
vt 0.875000 0.500000
vt 0.625000 1.000000
vt 0.875000 0.750000
vn -0.0035 0.3153 0.9490
vn -1.0000 -0.0000 -0.0037
vn 0.0035 -0.3153 -0.9490
vn 1.0000 0.0000 0.0037
vn -0.0012 -0.9490 0.3153
vn 0.0012 0.9490 -0.3153
usemtl Material.007
s off
f 26/43/19 27/44/19 25/45/19
f 28/46/20 31/47/20 27/44/20
f 32/48/21 29/49/21 31/47/21
f 30/50/22 25/51/22 29/49/22
f 31/47/23 25/52/23 27/53/23
f 28/54/24 30/50/24 32/48/24
f 26/43/19 28/46/19 27/44/19
f 28/46/20 32/48/20 31/47/20
f 32/48/21 30/50/21 29/49/21
f 30/50/22 26/55/22 25/51/22
f 31/47/23 29/49/23 25/52/23
f 28/54/24 26/56/24 30/50/24
o Cube.001_Cube.003
v -0.583404 6.083798 -1.033068
v -0.584902 4.785592 -0.626142
v 0.532844 6.083798 -1.028958
v 0.531346 4.785592 -0.622033
v -0.585595 6.270346 -0.437937
v -0.587094 4.972139 -0.031011
v 0.530653 6.270346 -0.433827
v 0.529155 4.972139 -0.026902
vt 0.875000 0.500000
vt 0.625000 0.750000
vt 0.625000 0.500000
vt 0.375000 1.000000
vt 0.375000 0.750000
vt 0.625000 0.000000
vt 0.375000 0.250000
vt 0.375000 0.000000
vt 0.375000 0.500000
vt 0.125000 0.750000
vt 0.125000 0.500000
vt 0.625000 0.250000
vt 0.875000 0.750000
vt 0.625000 1.000000
vn 0.0011 0.9542 -0.2991
vn 1.0000 0.0000 0.0037
vn -0.0035 0.2991 0.9542
vn -0.0011 -0.9542 0.2991
vn 0.0035 -0.2991 -0.9542
vn -1.0000 -0.0000 -0.0037
usemtl Material.008
s off
f 37/57/25 35/58/25 33/59/25
f 35/58/26 40/60/26 36/61/26
f 39/62/27 38/63/27 40/64/27
f 34/65/28 40/66/28 38/67/28
f 33/59/29 36/61/29 34/65/29
f 37/68/30 34/65/30 38/63/30
f 37/57/25 39/69/25 35/58/25
f 35/58/26 39/70/26 40/60/26
f 39/62/27 37/68/27 38/63/27
f 34/65/28 36/61/28 40/66/28
f 33/59/29 35/58/29 36/61/29
f 37/68/30 33/59/30 34/65/30
o Plane
v 0.470825 5.728221 -0.926819
v 0.470746 5.660265 -0.905518
v 0.091169 5.728221 -0.928216
v 0.091091 5.660265 -0.906916
vt 1.000000 0.000000
vt 0.000000 1.000000
vt 0.000000 0.000000
vt 1.000000 1.000000
vn 0.0035 -0.2991 -0.9542
usemtl Material.013
s off
f 42/71/31 43/72/31 41/73/31
f 42/71/31 44/74/31 43/72/31
o Plane.001
v -0.128284 5.728221 -0.929024
v -0.128362 5.660265 -0.907723
v -0.507940 5.728221 -0.930422
v -0.508018 5.660265 -0.909121
vt 1.000000 0.000000
vt 0.000000 1.000000
vt 0.000000 0.000000
vt 1.000000 1.000000
vn 0.0035 -0.2991 -0.9542
usemtl Material.012
s off
f 46/75/32 47/76/32 45/77/32
f 46/75/32 48/78/32 47/76/32
o Plane.002
v 0.331143 5.354439 -0.810169
v 0.330626 4.906534 -0.669772
v -0.392803 5.354439 -0.812834
v -0.393320 4.906534 -0.672437
vt 1.000000 0.000000
vt 0.000000 1.000000
vt 0.000000 0.000000
vt 1.000000 1.000000
vn 0.0035 -0.2991 -0.9542
usemtl Material.011
s off
f 50/79/33 51/80/33 49/81/33
f 50/79/33 52/82/33 51/80/33
o leg.001_Cube.007
v 0.881761 0.312890 1.253729
v 0.885642 2.815254 0.199524
v -0.031308 0.312890 1.250367
v -0.027427 2.815254 0.196163
v 0.884859 -0.041602 0.412283
v 0.888740 2.460762 -0.641922
v -0.028210 -0.041602 0.408921
v -0.024329 2.460762 -0.645283
vt 0.625000 0.000000
vt 0.375000 0.250000
vt 0.375000 0.000000
vt 0.625000 0.250000
vt 0.375000 0.500000
vt 0.625000 0.500000
vt 0.375000 0.750000
vt 0.625000 0.750000
vt 0.375000 1.000000
vt 0.125000 0.750000
vt 0.125000 0.500000
vt 0.875000 0.500000
vt 0.625000 1.000000
vt 0.875000 0.750000
vn -0.0034 0.3882 0.9216
vn -1.0000 0.0000 -0.0037
vn 0.0034 -0.3882 -0.9216
vn 1.0000 0.0000 0.0037
vn -0.0014 -0.9216 0.3882
vn 0.0014 0.9216 -0.3882
usemtl Material.003
s off
f 54/83/34 55/84/34 53/85/34
f 56/86/35 59/87/35 55/84/35
f 60/88/36 57/89/36 59/87/36
f 58/90/37 53/91/37 57/89/37
f 59/87/38 53/92/38 55/93/38
f 56/94/39 58/90/39 60/88/39
f 54/83/34 56/86/34 55/84/34
f 56/86/35 60/88/35 59/87/35
f 60/88/36 58/90/36 57/89/36
f 58/90/37 54/95/37 53/91/37
f 59/87/38 57/89/38 53/92/38
f 56/94/39 54/96/39 58/90/39
