# Blender v3.3.1 OBJ File: 'zombie.blend'
# www.blender.org
mtllib walk_000007.mtl
o Cube
v -1.182201 4.990931 -0.724032
v -1.098577 2.052728 -0.681027
v 1.219047 5.062428 -0.508349
v 1.302670 2.124226 -0.465344
v -1.303232 5.007130 0.618070
v -1.219609 2.068927 0.661075
v 1.098015 5.078628 0.833752
v 1.181639 2.140425 0.876757
vt 0.875000 0.500000
vt 0.625000 0.750000
vt 0.625000 0.500000
vt 0.375000 1.000000
vt 0.375000 0.750000
vt 0.625000 0.000000
vt 0.375000 0.250000
vt 0.375000 0.000000
vt 0.375000 0.500000
vt 0.125000 0.750000
vt 0.125000 0.500000
vt 0.625000 0.250000
vt 0.875000 0.750000
vt 0.625000 1.000000
vn -0.0284 0.9995 -0.0146
vn 0.9956 0.0296 0.0894
vn -0.0898 0.0120 0.9959
vn 0.0284 -0.9995 0.0146
vn 0.0898 -0.0120 -0.9959
vn -0.9956 -0.0296 -0.0894
usemtl Material
s off
f 5/1/1 3/2/1 1/3/1
f 3/2/2 8/4/2 4/5/2
f 7/6/3 6/7/3 8/8/3
f 2/9/4 8/10/4 6/11/4
f 1/3/5 4/5/5 2/9/5
f 5/12/6 2/9/6 6/7/6
f 5/1/1 7/13/1 3/2/1
f 3/2/2 7/14/2 8/4/2
f 7/6/3 5/12/3 6/7/3
f 2/9/4 4/5/4 8/10/4
f 1/3/5 3/2/5 4/5/5
f 5/12/6 1/3/6 2/9/6
o leg_Cube.001
v -0.044062 -0.026175 -0.889405
v -0.048758 2.370852 0.386299
v -0.957130 -0.026175 -0.892767
v -0.961827 2.370852 0.382938
v -0.041094 0.402799 -1.695431
v -0.045791 2.799828 -0.419726
v -0.954163 0.402799 -1.698793
v -0.958860 2.799828 -0.423088
vt 0.625000 0.000000
vt 0.375000 0.250000
vt 0.375000 0.000000
vt 0.625000 0.250000
vt 0.375000 0.500000
vt 0.625000 0.500000
vt 0.375000 0.750000
vt 0.625000 0.750000
vt 0.375000 1.000000
vt 0.125000 0.750000
vt 0.125000 0.500000
vt 0.875000 0.500000
vt 0.625000 1.000000
vt 0.875000 0.750000
vn -0.0032 -0.4698 0.8828
vn -1.0000 0.0000 -0.0037
vn 0.0033 0.4698 -0.8828
vn 1.0000 0.0000 0.0037
vn 0.0017 -0.8828 -0.4698
vn -0.0017 0.8828 0.4698
vn -0.0033 -0.4698 0.8828
vn 0.0032 0.4698 -0.8828
usemtl Material.002
s off
f 10/15/7 11/16/7 9/17/7
f 12/18/8 15/19/8 11/16/8
f 16/20/9 13/21/9 15/19/9
f 14/22/10 9/23/10 13/21/10
f 15/19/11 9/24/11 11/25/11
f 12/26/12 14/22/12 16/20/12
f 10/15/13 12/18/13 11/16/13
f 12/18/8 16/20/8 15/19/8
f 16/20/14 14/22/14 13/21/14
f 14/22/10 10/27/10 9/23/10
f 15/19/11 13/21/11 9/24/11
f 12/26/12 10/28/12 14/22/12
o leg.002_Cube.006
v 1.776926 1.787129 -0.383662
v 1.773999 4.679317 0.411330
v 0.912613 1.787129 -0.386844
v 0.909686 4.679317 0.408148
v 1.779994 2.016213 -1.217063
v 1.777067 4.908402 -0.422072
v 0.915681 2.016213 -1.220245
v 0.912754 4.908402 -0.425254
vt 0.625000 0.000000
vt 0.375000 0.250000
vt 0.375000 0.000000
vt 0.625000 0.250000
vt 0.375000 0.500000
vt 0.625000 0.500000
vt 0.375000 0.750000
vt 0.625000 0.750000
vt 0.375000 1.000000
vt 0.125000 0.750000
vt 0.125000 0.500000
vt 0.875000 0.500000
vt 0.625000 1.000000
vt 0.875000 0.750000
vn -0.0035 -0.2650 0.9642
vn -1.0000 0.0000 -0.0037
vn 0.0036 0.2650 -0.9642
vn 1.0000 -0.0000 0.0037
vn 0.0010 -0.9642 -0.2650
vn -0.0010 0.9642 0.2650
vn 0.0035 0.2650 -0.9642
usemtl Material.006
s off
f 18/29/15 19/30/15 17/31/15
f 20/32/16 23/33/16 19/30/16
f 24/34/17 21/35/17 23/33/17
f 22/36/18 17/37/18 21/35/18
f 23/33/19 17/38/19 19/39/19
f 20/40/20 22/36/20 24/34/20
f 18/29/15 20/32/15 19/30/15
f 20/32/16 24/34/16 23/33/16
f 24/34/21 22/36/21 21/35/21
f 22/36/18 18/41/18 17/37/18
f 23/33/19 21/35/19 17/38/19
f 20/40/20 18/42/20 22/36/20
o leg.003_Cube.002
v -0.831475 2.087879 1.338993
v -0.827680 4.904672 0.308245
v -1.695788 2.087879 1.335811
v -1.691993 4.904672 0.305063
v -0.828487 1.790859 0.527317
v -0.824692 4.607652 -0.503430
v -1.692800 1.790859 0.524135
v -1.689005 4.607652 -0.506613
vt 0.625000 0.000000
vt 0.375000 0.250000
vt 0.375000 0.000000
vt 0.625000 0.250000
vt 0.375000 0.500000
vt 0.625000 0.500000
vt 0.375000 0.750000
vt 0.625000 0.750000
vt 0.375000 1.000000
vt 0.125000 0.750000
vt 0.125000 0.500000
vt 0.875000 0.500000
vt 0.625000 1.000000
vt 0.875000 0.750000
vn -0.0035 0.3436 0.9391
vn -1.0000 -0.0000 -0.0037
vn 0.0035 -0.3436 -0.9391
vn 1.0000 0.0000 0.0037
vn -0.0013 -0.9391 0.3436
vn 0.0013 0.9391 -0.3436
usemtl Material.007
s off
f 26/43/22 27/44/22 25/45/22
f 28/46/23 31/47/23 27/44/23
f 32/48/24 29/49/24 31/47/24
f 30/50/25 25/51/25 29/49/25
f 31/47/26 25/52/26 27/53/26
f 28/54/27 30/50/27 32/48/27
f 26/43/22 28/46/22 27/44/22
f 28/46/23 32/48/23 31/47/23
f 32/48/24 30/50/24 29/49/24
f 30/50/25 26/55/25 25/51/25
f 31/47/26 29/49/26 25/52/26
f 28/54/27 26/56/27 30/50/27
o Cube.001_Cube.003
v -0.583404 6.083798 -1.033068
v -0.584902 4.785592 -0.626142
v 0.532844 6.083798 -1.028958
v 0.531346 4.785592 -0.622033
v -0.585595 6.270346 -0.437937
v -0.587094 4.972139 -0.031011
v 0.530653 6.270346 -0.433827
v 0.529155 4.972139 -0.026902
vt 0.875000 0.500000
vt 0.625000 0.750000
vt 0.625000 0.500000
vt 0.375000 1.000000
vt 0.375000 0.750000
vt 0.625000 0.000000
vt 0.375000 0.250000
vt 0.375000 0.000000
vt 0.375000 0.500000
vt 0.125000 0.750000
vt 0.125000 0.500000
vt 0.625000 0.250000
vt 0.875000 0.750000
vt 0.625000 1.000000
vn 0.0011 0.9542 -0.2991
vn 1.0000 0.0000 0.0037
vn -0.0035 0.2991 0.9542
vn -0.0011 -0.9542 0.2991
vn 0.0035 -0.2991 -0.9542
vn -1.0000 -0.0000 -0.0037
usemtl Material.008
s off
f 37/57/28 35/58/28 33/59/28
f 35/58/29 40/60/29 36/61/29
f 39/62/30 38/63/30 40/64/30
f 34/65/31 40/66/31 38/67/31
f 33/59/32 36/61/32 34/65/32
f 37/68/33 34/65/33 38/63/33
f 37/57/28 39/69/28 35/58/28
f 35/58/29 39/70/29 40/60/29
f 39/62/30 37/68/30 38/63/30
f 34/65/31 36/61/31 40/66/31
f 33/59/32 35/58/32 36/61/32
f 37/68/33 33/59/33 34/65/33
o Plane
v 0.470825 5.728221 -0.926819
v 0.470746 5.660265 -0.905518
v 0.091169 5.728221 -0.928216
v 0.091091 5.660265 -0.906916
vt 1.000000 0.000000
vt 0.000000 1.000000
vt 0.000000 0.000000
vt 1.000000 1.000000
vn 0.0035 -0.2991 -0.9542
usemtl Material.013
s off
f 42/71/34 43/72/34 41/73/34
f 42/71/34 44/74/34 43/72/34
o Plane.001
v -0.128284 5.728221 -0.929024
v -0.128362 5.660265 -0.907723
v -0.507940 5.728221 -0.930422
v -0.508018 5.660265 -0.909121
vt 1.000000 0.000000
vt 0.000000 1.000000
vt 0.000000 0.000000
vt 1.000000 1.000000
vn 0.0035 -0.2991 -0.9542
usemtl Material.012
s off
f 46/75/35 47/76/35 45/77/35
f 46/75/35 48/78/35 47/76/35
o Plane.002
v 0.331143 5.354439 -0.810169
v 0.330626 4.906534 -0.669772
v -0.392803 5.354439 -0.812834
v -0.393320 4.906534 -0.672437
vt 1.000000 0.000000
vt 0.000000 1.000000
vt 0.000000 0.000000
vt 1.000000 1.000000
vn 0.0035 -0.2991 -0.9542
usemtl Material.011
s off
f 50/79/36 51/80/36 49/81/36
f 50/79/36 52/82/36 51/80/36
o leg.001_Cube.007
v 0.881412 0.355225 1.348462
v 0.885691 2.809259 0.186187
v -0.031657 0.355225 1.345101
v -0.027378 2.809259 0.182825
v 0.884450 -0.035607 0.523267
v 0.888729 2.418427 -0.639008
v -0.028619 -0.035607 0.519906
v -0.024340 2.418427 -0.642370
vt 0.625000 0.000000
vt 0.375000 0.250000
vt 0.375000 0.000000
vt 0.625000 0.250000
vt 0.375000 0.500000
vt 0.625000 0.500000
vt 0.375000 0.750000
vt 0.625000 0.750000
vt 0.375000 1.000000
vt 0.125000 0.750000
vt 0.125000 0.500000
vt 0.875000 0.500000
vt 0.625000 1.000000
vt 0.875000 0.750000
vn -0.0033 0.4280 0.9038
vn -1.0000 0.0000 -0.0037
vn 0.0033 -0.4280 -0.9038
vn 1.0000 0.0000 0.0037
vn -0.0016 -0.9038 0.4280
vn 0.0016 0.9038 -0.4280
usemtl Material.003
s off
f 54/83/37 55/84/37 53/85/37
f 56/86/38 59/87/38 55/84/38
f 60/88/39 57/89/39 59/87/39
f 58/90/40 53/91/40 57/89/40
f 59/87/41 53/92/41 55/93/41
f 56/94/42 58/90/42 60/88/42
f 54/83/37 56/86/37 55/84/37
f 56/86/38 60/88/38 59/87/38
f 60/88/39 58/90/39 57/89/39
f 58/90/40 54/95/40 53/91/40
f 59/87/41 57/89/41 53/92/41
f 56/94/42 54/96/42 58/90/42
