# Blender v3.3.1 OBJ File: 'zombie.blend'
# www.blender.org
mtllib walk_000028.mtl
o Cube
v -1.182201 4.990931 -0.724032
v -1.098577 2.052728 -0.681027
v 1.219047 5.062428 -0.508349
v 1.302670 2.124226 -0.465344
v -1.303232 5.007130 0.618070
v -1.219609 2.068927 0.661075
v 1.098015 5.078628 0.833752
v 1.181639 2.140425 0.876757
vt 0.875000 0.500000
vt 0.625000 0.750000
vt 0.625000 0.500000
vt 0.375000 1.000000
vt 0.375000 0.750000
vt 0.625000 0.000000
vt 0.375000 0.250000
vt 0.375000 0.000000
vt 0.375000 0.500000
vt 0.125000 0.750000
vt 0.125000 0.500000
vt 0.625000 0.250000
vt 0.875000 0.750000
vt 0.625000 1.000000
vn -0.0284 0.9995 -0.0146
vn 0.9956 0.0296 0.0894
vn -0.0898 0.0120 0.9959
vn 0.0284 -0.9995 0.0146
vn 0.0898 -0.0120 -0.9959
vn -0.9956 -0.0296 -0.0894
usemtl Material
s off
f 5/1/1 3/2/1 1/3/1
f 3/2/2 8/4/2 4/5/2
f 7/6/3 6/7/3 8/8/3
f 2/9/4 8/10/4 6/11/4
f 1/3/5 4/5/5 2/9/5
f 5/12/6 2/9/6 6/7/6
f 5/1/1 7/13/1 3/2/1
f 3/2/2 7/14/2 8/4/2
f 7/6/3 5/12/3 6/7/3
f 2/9/4 4/5/4 8/10/4
f 1/3/5 3/2/5 4/5/5
f 5/12/6 1/3/6 2/9/6
o leg_Cube.001
v -0.050064 0.125540 0.740850
v -0.048378 2.802039 0.283096
v -0.963133 0.125540 0.737489
v -0.961447 2.802039 0.279735
v -0.046750 -0.028387 -0.159151
v -0.045065 2.648112 -0.616905
v -0.959819 -0.028387 -0.162512
v -0.958134 2.648112 -0.620266
vt 0.625000 0.000000
vt 0.375000 0.250000
vt 0.375000 0.000000
vt 0.625000 0.250000
vt 0.375000 0.500000
vt 0.625000 0.500000
vt 0.375000 0.750000
vt 0.625000 0.750000
vt 0.375000 1.000000
vt 0.125000 0.750000
vt 0.125000 0.500000
vt 0.875000 0.500000
vt 0.625000 1.000000
vt 0.875000 0.750000
vn -0.0036 0.1686 0.9857
vn -1.0000 -0.0000 -0.0037
vn 0.0036 -0.1686 -0.9857
vn 1.0000 0.0000 0.0037
vn -0.0006 -0.9857 0.1686
vn 0.0006 0.9857 -0.1686
usemtl Material.002
s off
f 10/15/7 11/16/7 9/17/7
f 12/18/8 15/19/8 11/16/8
f 16/20/9 13/21/9 15/19/9
f 14/22/10 9/23/10 13/21/10
f 15/19/11 9/24/11 11/25/11
f 12/26/12 14/22/12 16/20/12
f 10/15/7 12/18/7 11/16/7
f 12/18/8 16/20/8 15/19/8
f 16/20/9 14/22/9 13/21/9
f 14/22/10 10/27/10 9/23/10
f 15/19/11 13/21/11 9/24/11
f 12/26/12 10/28/12 14/22/12
o leg.002_Cube.006
v 1.773843 1.908108 0.453690
v 1.775121 4.887426 0.106648
v 0.909530 1.908108 0.450507
v 0.910807 4.887426 0.103465
v 1.777004 1.808105 -0.404819
v 1.778281 4.787423 -0.751861
v 0.912690 1.808105 -0.408001
v 0.913968 4.787423 -0.755043
vt 0.625000 0.000000
vt 0.375000 0.250000
vt 0.375000 0.000000
vt 0.625000 0.250000
vt 0.375000 0.500000
vt 0.625000 0.500000
vt 0.375000 0.750000
vt 0.625000 0.750000
vt 0.375000 1.000000
vt 0.125000 0.750000
vt 0.125000 0.500000
vt 0.875000 0.500000
vt 0.625000 1.000000
vt 0.875000 0.750000
vn -0.0037 0.1157 0.9933
vn -1.0000 0.0000 -0.0037
vn 0.0037 -0.1157 -0.9933
vn 1.0000 0.0000 0.0037
vn -0.0004 -0.9933 0.1157
vn 0.0004 0.9933 -0.1157
usemtl Material.006
s off
f 18/29/13 19/30/13 17/31/13
f 20/32/14 23/33/14 19/30/14
f 24/34/15 21/35/15 23/33/15
f 22/36/16 17/37/16 21/35/16
f 23/33/17 17/38/17 19/39/17
f 20/40/18 22/36/18 24/34/18
f 18/29/13 20/32/13 19/30/13
f 20/32/14 24/34/14 23/33/14
f 24/34/15 22/36/15 21/35/15
f 22/36/16 18/41/16 17/37/16
f 23/33/17 21/35/17 17/38/17
f 20/40/18 18/42/18 22/36/18
o leg.003_Cube.002
v -0.826644 1.806506 0.026738
v -0.827991 4.783551 0.392766
v -1.690957 1.806506 0.023556
v -1.692304 4.783551 0.389583
v -0.823485 1.911980 -0.831115
v -0.824833 4.889025 -0.465088
v -1.687799 1.911980 -0.834297
v -1.689146 4.889025 -0.468270
vt 0.625000 0.000000
vt 0.375000 0.250000
vt 0.375000 0.000000
vt 0.625000 0.250000
vt 0.375000 0.500000
vt 0.625000 0.500000
vt 0.375000 0.750000
vt 0.625000 0.750000
vt 0.375000 1.000000
vt 0.125000 0.750000
vt 0.125000 0.500000
vt 0.875000 0.500000
vt 0.625000 1.000000
vt 0.875000 0.750000
vn -0.0037 -0.1220 0.9925
vn -1.0000 -0.0000 -0.0037
vn 0.0037 0.1220 -0.9925
vn 1.0000 -0.0000 0.0037
vn 0.0004 -0.9925 -0.1220
vn -0.0004 0.9925 0.1220
usemtl Material.007
s off
f 26/43/19 27/44/19 25/45/19
f 28/46/20 31/47/20 27/44/20
f 32/48/21 29/49/21 31/47/21
f 30/50/22 25/51/22 29/49/22
f 31/47/23 25/52/23 27/53/23
f 28/54/24 30/50/24 32/48/24
f 26/43/19 28/46/19 27/44/19
f 28/46/20 32/48/20 31/47/20
f 32/48/21 30/50/21 29/49/21
f 30/50/22 26/55/22 25/51/22
f 31/47/23 29/49/23 25/52/23
f 28/54/24 26/56/24 30/50/24
o Cube.001_Cube.003
v -0.583404 6.083798 -1.033068
v -0.584902 4.785592 -0.626142
v 0.532844 6.083798 -1.028958
v 0.531346 4.785592 -0.622033
v -0.585595 6.270346 -0.437937
v -0.587094 4.972139 -0.031011
v 0.530653 6.270346 -0.433827
v 0.529155 4.972139 -0.026902
vt 0.875000 0.500000
vt 0.625000 0.750000
vt 0.625000 0.500000
vt 0.375000 1.000000
vt 0.375000 0.750000
vt 0.625000 0.000000
vt 0.375000 0.250000
vt 0.375000 0.000000
vt 0.375000 0.500000
vt 0.125000 0.750000
vt 0.125000 0.500000
vt 0.625000 0.250000
vt 0.875000 0.750000
vt 0.625000 1.000000
vn 0.0011 0.9542 -0.2991
vn 1.0000 0.0000 0.0037
vn -0.0035 0.2991 0.9542
vn -0.0011 -0.9542 0.2991
vn 0.0035 -0.2991 -0.9542
vn -1.0000 -0.0000 -0.0037
usemtl Material.008
s off
f 37/57/25 35/58/25 33/59/25
f 35/58/26 40/60/26 36/61/26
f 39/62/27 38/63/27 40/64/27
f 34/65/28 40/66/28 38/67/28
f 33/59/29 36/61/29 34/65/29
f 37/68/30 34/65/30 38/63/30
f 37/57/25 39/69/25 35/58/25
f 35/58/26 39/70/26 40/60/26
f 39/62/27 37/68/27 38/63/27
f 34/65/28 36/61/28 40/66/28
f 33/59/29 35/58/29 36/61/29
f 37/68/30 33/59/30 34/65/30
o Plane
v 0.470825 5.728221 -0.926819
v 0.470746 5.660265 -0.905518
v 0.091169 5.728221 -0.928216
v 0.091091 5.660265 -0.906916
vt 1.000000 0.000000
vt 0.000000 1.000000
vt 0.000000 0.000000
vt 1.000000 1.000000
vn 0.0035 -0.2991 -0.9542
usemtl Material.013
s off
f 42/71/31 43/72/31 41/73/31
f 42/71/31 44/74/31 43/72/31
o Plane.001
v -0.128284 5.728221 -0.929024
v -0.128362 5.660265 -0.907723
v -0.507940 5.728221 -0.930422
v -0.508018 5.660265 -0.909121
vt 1.000000 0.000000
vt 0.000000 1.000000
vt 0.000000 0.000000
vt 1.000000 1.000000
vn 0.0035 -0.2991 -0.9542
usemtl Material.012
s off
f 46/75/32 47/76/32 45/77/32
f 46/75/32 48/78/32 47/76/32
o Plane.002
v 0.331143 5.354439 -0.810169
v 0.330626 4.906534 -0.669772
v -0.392803 5.354439 -0.812834
v -0.393320 4.906534 -0.672437
vt 1.000000 0.000000
vt 0.000000 1.000000
vt 0.000000 0.000000
vt 1.000000 1.000000
vn 0.0035 -0.2991 -0.9542
usemtl Material.011
s off
f 50/79/33 51/80/33 49/81/33
f 50/79/33 52/82/33 51/80/33
o leg.001_Cube.007
v 0.994868 -0.015453 0.306341
v 0.993681 2.680705 0.628707
v 0.081799 -0.015453 0.302979
v 0.080613 2.680705 0.625345
v 0.998206 0.092947 -0.600271
v 0.997019 2.789105 -0.277904
v 0.085137 0.092947 -0.603632
v 0.083950 2.789105 -0.281266
vt 0.625000 0.000000
vt 0.375000 0.250000
vt 0.375000 0.000000
vt 0.625000 0.250000
vt 0.375000 0.500000
vt 0.625000 0.500000
vt 0.375000 0.750000
vt 0.625000 0.750000
vt 0.375000 1.000000
vt 0.125000 0.750000
vt 0.125000 0.500000
vt 0.875000 0.500000
vt 0.625000 1.000000
vt 0.875000 0.750000
vn -0.0037 -0.1187 0.9929
vn -1.0000 0.0000 -0.0037
vn 0.0037 0.1187 -0.9929
vn 1.0000 0.0000 0.0037
vn 0.0004 -0.9929 -0.1187
vn -0.0004 0.9929 0.1187
usemtl Material.003
s off
f 54/83/34 55/84/34 53/85/34
f 56/86/35 59/87/35 55/84/35
f 60/88/36 57/89/36 59/87/36
f 58/90/37 53/91/37 57/89/37
f 59/87/38 53/92/38 55/93/38
f 56/94/39 58/90/39 60/88/39
f 54/83/34 56/86/34 55/84/34
f 56/86/35 60/88/35 59/87/35
f 60/88/36 58/90/36 57/89/36
f 58/90/37 54/95/37 53/91/37
f 59/87/38 57/89/38 53/92/38
f 56/94/39 54/96/39 58/90/39
