# Blender v3.3.1 OBJ File: 'zombie.blend'
# www.blender.org
mtllib walk_000012.mtl
o Cube
v -1.182201 4.990931 -0.724032
v -1.098577 2.052728 -0.681027
v 1.219047 5.062428 -0.508349
v 1.302670 2.124226 -0.465344
v -1.303232 5.007130 0.618070
v -1.219609 2.068927 0.661075
v 1.098015 5.078628 0.833752
v 1.181639 2.140425 0.876757
vt 0.875000 0.500000
vt 0.625000 0.750000
vt 0.625000 0.500000
vt 0.375000 1.000000
vt 0.375000 0.750000
vt 0.625000 0.000000
vt 0.375000 0.250000
vt 0.375000 0.000000
vt 0.375000 0.500000
vt 0.125000 0.750000
vt 0.125000 0.500000
vt 0.625000 0.250000
vt 0.875000 0.750000
vt 0.625000 1.000000
vn -0.0284 0.9995 -0.0146
vn 0.9956 0.0296 0.0894
vn -0.0898 0.0120 0.9959
vn 0.0284 -0.9995 0.0146
vn 0.0898 -0.0120 -0.9959
vn -0.9956 -0.0296 -0.0894
usemtl Material
s off
f 5/1/1 3/2/1 1/3/1
f 3/2/2 8/4/2 4/5/2
f 7/6/3 6/7/3 8/8/3
f 2/9/4 8/10/4 6/11/4
f 1/3/5 4/5/5 2/9/5
f 5/12/6 2/9/6 6/7/6
f 5/1/1 7/13/1 3/2/1
f 3/2/2 7/14/2 8/4/2
f 7/6/3 5/12/3 6/7/3
f 2/9/4 4/5/4 8/10/4
f 1/3/5 3/2/5 4/5/5
f 5/12/6 1/3/6 2/9/6
o leg_Cube.001
v -0.045596 -0.045156 -0.472616
v -0.048557 2.548373 0.331614
v -0.958665 -0.045156 -0.475978
v -0.961626 2.548373 0.328253
v -0.042385 0.225279 -1.344718
v -0.045346 2.818808 -0.540487
v -0.955454 0.225279 -1.348079
v -0.958415 2.818808 -0.543849
vt 0.625000 0.000000
vt 0.375000 0.250000
vt 0.375000 0.000000
vt 0.625000 0.250000
vt 0.375000 0.500000
vt 0.625000 0.500000
vt 0.375000 0.750000
vt 0.625000 0.750000
vt 0.375000 1.000000
vt 0.125000 0.750000
vt 0.125000 0.500000
vt 0.875000 0.500000
vt 0.625000 1.000000
vt 0.875000 0.750000
vn -0.0035 -0.2962 0.9551
vn -1.0000 -0.0000 -0.0037
vn 0.0035 0.2962 -0.9551
vn 1.0000 -0.0000 0.0037
vn 0.0011 -0.9551 -0.2962
vn -0.0011 0.9551 0.2962
usemtl Material.002
s off
f 10/15/7 11/16/7 9/17/7
f 12/18/8 15/19/8 11/16/8
f 16/20/9 13/21/9 15/19/9
f 14/22/10 9/23/10 13/21/10
f 15/19/11 9/24/11 11/25/11
f 12/26/12 14/22/12 16/20/12
f 10/15/7 12/18/7 11/16/7
f 12/18/8 16/20/8 15/19/8
f 16/20/9 14/22/9 13/21/9
f 14/22/10 10/27/10 9/23/10
f 15/19/11 13/21/11 9/24/11
f 12/26/12 10/28/12 14/22/12
o leg.002_Cube.006
v 1.775801 1.797538 -0.078152
v 1.773994 4.756584 0.412579
v 0.911488 1.797538 -0.081334
v 0.909681 4.756584 0.409397
v 1.778940 1.938947 -0.930819
v 1.777134 4.897993 -0.440088
v 0.914627 1.938947 -0.934001
v 0.912820 4.897993 -0.443270
vt 0.625000 0.000000
vt 0.375000 0.250000
vt 0.375000 0.000000
vt 0.625000 0.250000
vt 0.375000 0.500000
vt 0.625000 0.500000
vt 0.375000 0.750000
vt 0.625000 0.750000
vt 0.375000 1.000000
vt 0.125000 0.750000
vt 0.125000 0.500000
vt 0.875000 0.500000
vt 0.625000 1.000000
vt 0.875000 0.750000
vn -0.0036 -0.1636 0.9865
vn -1.0000 0.0000 -0.0037
vn 0.0036 0.1636 -0.9865
vn 1.0000 0.0000 0.0037
vn 0.0006 -0.9865 -0.1636
vn -0.0006 0.9865 0.1636
usemtl Material.006
s off
f 18/29/13 19/30/13 17/31/13
f 20/32/14 23/33/14 19/30/14
f 24/34/15 21/35/15 23/33/15
f 22/36/16 17/37/16 21/35/16
f 23/33/17 17/38/17 19/39/17
f 20/40/18 22/36/18 24/34/18
f 18/29/13 20/32/13 19/30/13
f 20/32/14 24/34/14 23/33/14
f 24/34/15 22/36/15 21/35/15
f 22/36/16 18/41/16 17/37/16
f 23/33/17 21/35/17 17/38/17
f 20/40/18 18/42/18 22/36/18
o leg.003_Cube.002
v -0.830557 1.995562 1.089564
v -0.827906 4.907381 0.369785
v -1.694870 1.995562 1.086382
v -1.692220 4.907381 0.366603
v -0.827467 1.788150 0.250506
v -0.824817 4.699969 -0.469273
v -1.691781 1.788150 0.247324
v -1.689131 4.699969 -0.472455
vt 0.625000 0.000000
vt 0.375000 0.250000
vt 0.375000 0.000000
vt 0.625000 0.250000
vt 0.375000 0.500000
vt 0.625000 0.500000
vt 0.375000 0.750000
vt 0.625000 0.750000
vt 0.375000 1.000000
vt 0.125000 0.750000
vt 0.125000 0.500000
vt 0.875000 0.500000
vt 0.625000 1.000000
vt 0.875000 0.750000
vn -0.0036 0.2400 0.9708
vn -1.0000 0.0000 -0.0037
vn 0.0036 -0.2400 -0.9708
vn 1.0000 0.0000 0.0037
vn -0.0009 -0.9708 0.2400
vn 0.0009 0.9708 -0.2400
usemtl Material.007
s off
f 26/43/19 27/44/19 25/45/19
f 28/46/20 31/47/20 27/44/20
f 32/48/21 29/49/21 31/47/21
f 30/50/22 25/51/22 29/49/22
f 31/47/23 25/52/23 27/53/23
f 28/54/24 30/50/24 32/48/24
f 26/43/19 28/46/19 27/44/19
f 28/46/20 32/48/20 31/47/20
f 32/48/21 30/50/21 29/49/21
f 30/50/22 26/55/22 25/51/22
f 31/47/23 29/49/23 25/52/23
f 28/54/24 26/56/24 30/50/24
o Cube.001_Cube.003
v -0.583404 6.083798 -1.033068
v -0.584902 4.785592 -0.626142
v 0.532844 6.083798 -1.028958
v 0.531346 4.785592 -0.622033
v -0.585595 6.270346 -0.437937
v -0.587094 4.972139 -0.031011
v 0.530653 6.270346 -0.433827
v 0.529155 4.972139 -0.026902
vt 0.875000 0.500000
vt 0.625000 0.750000
vt 0.625000 0.500000
vt 0.375000 1.000000
vt 0.375000 0.750000
vt 0.625000 0.000000
vt 0.375000 0.250000
vt 0.375000 0.000000
vt 0.375000 0.500000
vt 0.125000 0.750000
vt 0.125000 0.500000
vt 0.625000 0.250000
vt 0.875000 0.750000
vt 0.625000 1.000000
vn 0.0011 0.9542 -0.2991
vn 1.0000 0.0000 0.0037
vn -0.0035 0.2991 0.9542
vn -0.0011 -0.9542 0.2991
vn 0.0035 -0.2991 -0.9542
vn -1.0000 -0.0000 -0.0037
usemtl Material.008
s off
f 37/57/25 35/58/25 33/59/25
f 35/58/26 40/60/26 36/61/26
f 39/62/27 38/63/27 40/64/27
f 34/65/28 40/66/28 38/67/28
f 33/59/29 36/61/29 34/65/29
f 37/68/30 34/65/30 38/63/30
f 37/57/25 39/69/25 35/58/25
f 35/58/26 39/70/26 40/60/26
f 39/62/27 37/68/27 38/63/27
f 34/65/28 36/61/28 40/66/28
f 33/59/29 35/58/29 36/61/29
f 37/68/30 33/59/30 34/65/30
o Plane
v 0.470825 5.728221 -0.926819
v 0.470746 5.660265 -0.905518
v 0.091169 5.728221 -0.928216
v 0.091091 5.660265 -0.906916
vt 1.000000 0.000000
vt 0.000000 1.000000
vt 0.000000 0.000000
vt 1.000000 1.000000
vn 0.0035 -0.2991 -0.9542
usemtl Material.013
s off
f 42/71/31 43/72/31 41/73/31
f 42/71/31 44/74/31 43/72/31
o Plane.001
v -0.128284 5.728221 -0.929024
v -0.128362 5.660265 -0.907723
v -0.507940 5.728221 -0.930422
v -0.508018 5.660265 -0.909121
vt 1.000000 0.000000
vt 0.000000 1.000000
vt 0.000000 0.000000
vt 1.000000 1.000000
vn 0.0035 -0.2991 -0.9542
usemtl Material.012
s off
f 46/75/32 47/76/32 45/77/32
f 46/75/32 48/78/32 47/76/32
o Plane.002
v 0.331143 5.354439 -0.810169
v 0.330626 4.906534 -0.669772
v -0.392803 5.354439 -0.812834
v -0.393320 4.906534 -0.672437
vt 1.000000 0.000000
vt 0.000000 1.000000
vt 0.000000 0.000000
vt 1.000000 1.000000
vn 0.0035 -0.2991 -0.9542
usemtl Material.011
s off
f 50/79/33 51/80/33 49/81/33
f 50/79/33 52/82/33 51/80/33
o leg.001_Cube.007
v 0.882843 0.202783 0.959800
v 0.885542 2.817343 0.226825
v -0.030226 0.202783 0.956439
v -0.027527 2.817343 0.223464
v 0.886080 -0.043691 0.080627
v 0.888778 2.570869 -0.652348
v -0.026989 -0.043691 0.077265
v -0.024290 2.570869 -0.655710
vt 0.625000 0.000000
vt 0.375000 0.250000
vt 0.375000 0.000000
vt 0.625000 0.250000
vt 0.375000 0.500000
vt 0.625000 0.500000
vt 0.375000 0.750000
vt 0.625000 0.750000
vt 0.375000 1.000000
vt 0.125000 0.750000
vt 0.125000 0.500000
vt 0.875000 0.500000
vt 0.625000 1.000000
vt 0.875000 0.750000
vn -0.0035 0.2699 0.9629
vn -1.0000 0.0000 -0.0037
vn 0.0035 -0.2699 -0.9629
vn 1.0000 -0.0000 0.0037
vn -0.0010 -0.9629 0.2699
vn 0.0010 0.9629 -0.2699
usemtl Material.003
s off
f 54/83/34 55/84/34 53/85/34
f 56/86/35 59/87/35 55/84/35
f 60/88/36 57/89/36 59/87/36
f 58/90/37 53/91/37 57/89/37
f 59/87/38 53/92/38 55/93/38
f 56/94/39 58/90/39 60/88/39
f 54/83/34 56/86/34 55/84/34
f 56/86/35 60/88/35 59/87/35
f 60/88/36 58/90/36 57/89/36
f 58/90/37 54/95/37 53/91/37
f 59/87/38 57/89/38 53/92/38
f 56/94/39 54/96/39 58/90/39
