# Blender v3.3.1 OBJ File: 'zombie.blend'
# www.blender.org
mtllib walk_000013.mtl
o Cube
v 0.719674 4.990931 -1.184858
v 0.676978 2.052728 -1.101077
v 0.512834 5.062428 1.217167
v 0.470137 2.124226 1.300948
v -0.622863 5.007130 -1.300948
v -0.665560 2.068927 -1.217167
v -0.829704 5.078628 1.101077
v -0.872401 2.140425 1.184859
vt 0.875000 0.500000
vt 0.625000 0.750000
vt 0.625000 0.500000
vt 0.375000 1.000000
vt 0.375000 0.750000
vt 0.625000 0.000000
vt 0.375000 0.250000
vt 0.375000 0.000000
vt 0.375000 0.500000
vt 0.125000 0.750000
vt 0.125000 0.500000
vt 0.625000 0.250000
vt 0.875000 0.750000
vt 0.625000 1.000000
vn 0.0145 0.9995 -0.0285
vn -0.0858 0.0296 0.9959
vn -0.9962 0.0120 -0.0861
vn -0.0145 -0.9995 0.0285
vn 0.9962 -0.0120 0.0861
vn 0.0858 -0.0296 -0.9959
usemtl Material
s off
f 5/1/1 3/2/1 1/3/1
f 3/2/2 8/4/2 4/5/2
f 7/6/3 6/7/3 8/8/3
f 2/9/4 8/10/4 6/11/4
f 1/3/5 4/5/5 2/9/5
f 5/12/6 2/9/6 6/7/6
f 5/1/1 7/13/1 3/2/1
f 3/2/2 7/14/2 8/4/2
f 7/6/3 5/12/3 6/7/3
f 2/9/4 4/5/4 8/10/4
f 1/3/5 3/2/5 4/5/5
f 5/12/6 1/3/6 2/9/6
o leg_Cube.001
v 0.100464 -0.023500 -0.047336
v -0.301721 2.661912 -0.047336
v 0.100464 -0.023500 -0.960411
v -0.301721 2.661912 -0.960411
v 1.003468 0.111740 -0.047336
v 0.601283 2.797152 -0.047336
v 1.003468 0.111740 -0.960411
v 0.601283 2.797152 -0.960411
vt 0.625000 0.000000
vt 0.375000 0.250000
vt 0.375000 0.000000
vt 0.625000 0.250000
vt 0.375000 0.500000
vt 0.625000 0.500000
vt 0.375000 0.750000
vt 0.625000 0.750000
vt 0.375000 1.000000
vt 0.125000 0.750000
vt 0.125000 0.500000
vt 0.875000 0.500000
vt 0.625000 1.000000
vt 0.875000 0.750000
vn -0.9890 -0.1481 0.0000
vn -0.0000 0.0000 -1.0000
vn 0.9890 0.1481 0.0000
vn 0.0000 0.0000 1.0000
vn 0.1481 -0.9890 0.0000
vn -0.1481 0.9890 0.0000
usemtl Material.002
s off
f 10/15/7 11/16/7 9/17/7
f 12/18/8 15/19/8 11/16/8
f 16/20/9 13/21/9 15/19/9
f 14/22/10 9/23/10 13/21/10
f 15/19/11 9/24/11 11/25/11
f 12/26/12 14/22/12 16/20/12
f 10/15/7 12/18/7 11/16/7
f 12/18/8 16/20/8 15/19/8
f 16/20/9 14/22/9 13/21/9
f 14/22/10 10/27/10 9/23/10
f 15/19/11 13/21/11 9/24/11
f 12/26/12 10/28/12 14/22/12
o leg.002_Cube.006
v -0.148557 1.817129 1.775501
v -0.399576 4.806069 1.775501
v -0.148557 1.817129 0.911182
v -0.399576 4.806069 0.911182
v 0.712730 1.889462 1.775501
v 0.461711 4.878402 1.775501
v 0.712730 1.889462 0.911182
v 0.461711 4.878402 0.911182
vt 0.625000 0.000000
vt 0.375000 0.250000
vt 0.375000 0.000000
vt 0.625000 0.250000
vt 0.375000 0.500000
vt 0.625000 0.500000
vt 0.375000 0.750000
vt 0.625000 0.750000
vt 0.375000 1.000000
vt 0.125000 0.750000
vt 0.125000 0.500000
vt 0.875000 0.500000
vt 0.625000 1.000000
vt 0.875000 0.750000
vn -0.9965 -0.0837 0.0000
vn 0.0000 0.0000 -1.0000
vn 0.9965 0.0837 0.0000
vn -0.0000 0.0000 1.0000
vn 0.0837 -0.9965 0.0000
vn -0.0837 0.9965 0.0000
usemtl Material.006
s off
f 18/29/13 19/30/13 17/31/13
f 20/32/14 23/33/14 19/30/14
f 24/34/15 21/35/15 23/33/15
f 22/36/16 17/37/16 21/35/16
f 23/33/17 17/38/17 19/39/17
f 20/40/18 22/36/18 24/34/18
f 18/29/13 20/32/13 19/30/13
f 20/32/14 24/34/14 23/33/14
f 24/34/15 22/36/15 21/35/15
f 22/36/16 18/41/16 17/37/16
f 23/33/17 21/35/17 17/38/17
f 20/40/18 18/42/18 22/36/18
o leg.003_Cube.002
v -0.875212 1.934607 -0.826540
v -0.403739 4.896783 -0.826540
v -0.875212 1.934607 -1.690859
v -0.403739 4.896783 -1.690859
v -0.021637 1.798748 -0.826540
v 0.449836 4.760924 -0.826540
v -0.021637 1.798748 -1.690859
v 0.449836 4.760924 -1.690859
vt 0.625000 0.000000
vt 0.375000 0.250000
vt 0.375000 0.000000
vt 0.625000 0.250000
vt 0.375000 0.500000
vt 0.625000 0.500000
vt 0.375000 0.750000
vt 0.625000 0.750000
vt 0.375000 1.000000
vt 0.125000 0.750000
vt 0.125000 0.500000
vt 0.875000 0.500000
vt 0.625000 1.000000
vt 0.875000 0.750000
vn -0.9876 0.1572 0.0000
vn 0.0000 0.0000 -1.0000
vn 0.9876 -0.1572 0.0000
vn -0.0000 0.0000 1.0000
vn -0.1572 -0.9876 0.0000
vn 0.1572 0.9876 0.0000
usemtl Material.007
s off
f 26/43/19 27/44/19 25/45/19
f 28/46/20 31/47/20 27/44/20
f 32/48/21 29/49/21 31/47/21
f 30/50/22 25/51/22 29/49/22
f 31/47/23 25/52/23 27/53/23
f 28/54/24 30/50/24 32/48/24
f 26/43/19 28/46/19 27/44/19
f 28/46/20 32/48/20 31/47/20
f 32/48/21 30/50/21 29/49/21
f 30/50/22 26/55/22 25/51/22
f 31/47/23 29/49/23 25/52/23
f 28/54/24 26/56/24 30/50/24
o Cube.001_Cube.003
v 1.030913 6.083798 -0.587204
v 0.623984 4.785592 -0.587204
v 1.030913 6.083798 0.529053
v 0.623984 4.785592 0.529053
v 0.435778 6.270346 -0.587204
v 0.028850 4.972139 -0.587204
v 0.435778 6.270346 0.529053
v 0.028850 4.972139 0.529053
vt 0.875000 0.500000
vt 0.625000 0.750000
vt 0.625000 0.500000
vt 0.375000 1.000000
vt 0.375000 0.750000
vt 0.625000 0.000000
vt 0.375000 0.250000
vt 0.375000 0.000000
vt 0.375000 0.500000
vt 0.125000 0.750000
vt 0.125000 0.500000
vt 0.625000 0.250000
vt 0.875000 0.750000
vt 0.625000 1.000000
vn 0.2991 0.9542 0.0000
vn 0.0000 0.0000 1.0000
vn -0.9542 0.2991 0.0000
vn -0.2991 -0.9542 0.0000
vn 0.9542 -0.2991 0.0000
vn 0.0000 0.0000 -1.0000
usemtl Material.008
s off
f 37/57/25 35/58/25 33/59/25
f 35/58/26 40/60/26 36/61/26
f 39/62/27 38/63/27 40/64/27
f 34/65/28 40/66/28 38/67/28
f 33/59/29 36/61/29 34/65/29
f 37/68/30 34/65/30 38/63/30
f 37/57/25 39/69/25 35/58/25
f 35/58/26 39/70/26 40/60/26
f 39/62/27 37/68/27 38/63/27
f 34/65/28 36/61/28 40/66/28
f 33/59/29 35/58/29 36/61/29
f 37/68/30 33/59/30 34/65/30
o Plane
v 0.928546 5.728221 0.467409
v 0.907245 5.660265 0.467409
v 0.928546 5.728221 0.087751
v 0.907245 5.660265 0.087751
vt 1.000000 0.000000
vt 0.000000 1.000000
vt 0.000000 0.000000
vt 1.000000 1.000000
vn 0.9542 -0.2991 0.0000
usemtl Material.013
s off
f 42/71/31 43/72/31 41/73/31
f 42/71/31 44/74/31 43/72/31
o Plane.001
v 0.928546 5.728221 -0.131703
v 0.907245 5.660265 -0.131703
v 0.928546 5.728221 -0.511362
v 0.907245 5.660265 -0.511362
vt 1.000000 0.000000
vt 0.000000 1.000000
vt 0.000000 0.000000
vt 1.000000 1.000000
vn 0.9542 -0.2991 0.0000
usemtl Material.012
s off
f 46/75/32 47/76/32 45/77/32
f 46/75/32 48/78/32 47/76/32
o Plane.002
v 0.811382 5.354439 0.328158
v 0.670984 4.906534 0.328158
v 0.811382 5.354439 -0.395793
v 0.670984 4.906534 -0.395793
vt 1.000000 0.000000
vt 0.000000 1.000000
vt 0.000000 0.000000
vt 1.000000 1.000000
vn 0.9542 -0.2991 0.0000
usemtl Material.011
s off
f 50/79/33 51/80/33 49/81/33
f 50/79/33 52/82/33 51/80/33
o leg.001_Cube.007
v -0.635054 0.105524 0.886371
v -0.258709 2.794679 0.886371
v -0.635054 0.105524 -0.026704
v -0.258709 2.794679 -0.026704
v 0.269208 -0.021027 0.886371
v 0.645554 2.668128 0.886371
v 0.269208 -0.021027 -0.026704
v 0.645554 2.668128 -0.026704
vt 0.625000 0.000000
vt 0.375000 0.250000
vt 0.375000 0.000000
vt 0.625000 0.250000
vt 0.375000 0.500000
vt 0.625000 0.500000
vt 0.375000 0.750000
vt 0.625000 0.750000
vt 0.375000 1.000000
vt 0.125000 0.750000
vt 0.125000 0.500000
vt 0.875000 0.500000
vt 0.625000 1.000000
vt 0.875000 0.750000
vn -0.9903 0.1386 0.0000
vn 0.0000 0.0000 -1.0000
vn 0.9903 -0.1386 0.0000
vn -0.0000 0.0000 1.0000
vn -0.1386 -0.9903 0.0000
vn 0.1386 0.9903 0.0000
usemtl Material.003
s off
f 54/83/34 55/84/34 53/85/34
f 56/86/35 59/87/35 55/84/35
f 60/88/36 57/89/36 59/87/36
f 58/90/37 53/91/37 57/89/37
f 59/87/38 53/92/38 55/93/38
f 56/94/39 58/90/39 60/88/39
f 54/83/34 56/86/34 55/84/34
f 56/86/35 60/88/35 59/87/35
f 60/88/36 58/90/36 57/89/36
f 58/90/37 54/95/37 53/91/37
f 59/87/38 57/89/38 53/92/38
f 56/94/39 54/96/39 58/90/39
