# Blender v3.3.1 OBJ File: 'GL gun.blend'
# www.blender.org
mtllib GL gun.mtl
o Cube
v -2.711396 -0.016280 -5.778210
v -2.711396 -2.733716 -5.063315
v -2.711396 0.228476 -4.847850
v -2.711396 -2.488960 -4.132956
v -3.673412 -0.016280 -5.778210
v -3.673412 -2.733716 -5.063315
v -3.673412 0.228476 -4.847850
v -3.673412 -2.488960 -4.132956
vt 0.875000 0.500000
vt 0.625000 0.750000
vt 0.625000 0.500000
vt 0.375000 1.000000
vt 0.375000 0.750000
vt 0.625000 0.000000
vt 0.375000 0.250000
vt 0.375000 0.000000
vt 0.375000 0.500000
vt 0.125000 0.750000
vt 0.125000 0.500000
vt 0.625000 0.250000
vt 0.875000 0.750000
vt 0.625000 1.000000
vn 0.0000 0.9671 -0.2544
vn 0.0000 0.2544 0.9671
vn -1.0000 0.0000 0.0000
vn 0.0000 -0.9671 0.2544
vn 1.0000 0.0000 0.0000
vn 0.0000 -0.2544 -0.9671
usemtl Material.006
s off
f 5/1/1 3/2/1 1/3/1
f 3/2/2 8/4/2 4/5/2
f 7/6/3 6/7/3 8/8/3
f 2/9/4 8/10/4 6/11/4
f 1/3/5 4/5/5 2/9/5
f 5/12/6 2/9/6 6/7/6
f 5/1/1 7/13/1 3/2/1
f 3/2/2 7/14/2 8/4/2
f 7/6/3 5/12/3 6/7/3
f 2/9/4 4/5/4 8/10/4
f 1/3/5 3/2/5 4/5/5
f 5/12/6 1/3/6 2/9/6
o Cube.001
v -2.711396 0.153612 -8.697931
v -2.711396 -2.656276 -8.705453
v -2.711396 0.151037 -7.735919
v -2.711396 -2.658852 -7.743441
v -3.673412 0.153612 -8.697931
v -3.673412 -2.656276 -8.705453
v -3.673412 0.151037 -7.735919
v -3.673412 -2.658852 -7.743441
vt 0.875000 0.500000
vt 0.625000 0.750000
vt 0.625000 0.500000
vt 0.375000 1.000000
vt 0.375000 0.750000
vt 0.625000 0.000000
vt 0.375000 0.250000
vt 0.375000 0.000000
vt 0.375000 0.500000
vt 0.125000 0.750000
vt 0.125000 0.500000
vt 0.625000 0.250000
vt 0.875000 0.750000
vt 0.625000 1.000000
vn 0.0000 1.0000 0.0027
vn 0.0000 -0.0027 1.0000
vn -1.0000 0.0000 0.0000
vn 0.0000 -1.0000 -0.0027
vn 1.0000 0.0000 0.0000
vn 0.0000 0.0027 -1.0000
usemtl Material.001
s off
f 13/15/7 11/16/7 9/17/7
f 11/16/8 16/18/8 12/19/8
f 15/20/9 14/21/9 16/22/9
f 10/23/10 16/24/10 14/25/10
f 9/17/11 12/19/11 10/23/11
f 13/26/12 10/23/12 14/21/12
f 13/15/7 15/27/7 11/16/7
f 11/16/8 15/28/8 16/18/8
f 15/20/9 13/26/9 14/21/9
f 10/23/10 12/19/10 16/24/10
f 9/17/11 11/16/11 12/19/11
f 13/26/12 9/17/12 10/23/12
o Cube.002
v -2.692842 -0.114828 -9.281460
v -2.692842 -0.574570 -4.520408
v -2.692842 0.887459 -9.184675
v -2.692842 0.427718 -4.423624
v -3.691966 -0.114828 -9.281460
v -3.691966 -0.574570 -4.520408
v -3.691966 0.887459 -9.184675
v -3.691966 0.427718 -4.423624
vt 0.875000 0.500000
vt 0.625000 0.750000
vt 0.625000 0.500000
vt 0.375000 1.000000
vt 0.375000 0.750000
vt 0.625000 0.000000
vt 0.375000 0.250000
vt 0.375000 0.000000
vt 0.375000 0.500000
vt 0.125000 0.750000
vt 0.125000 0.500000
vt 0.625000 0.250000
vt 0.875000 0.750000
vt 0.625000 1.000000
vn 0.0000 0.0961 -0.9954
vn 0.0000 0.9954 0.0961
vn -1.0000 -0.0000 0.0000
vn 0.0000 -0.0961 0.9954
vn 1.0000 -0.0000 0.0000
vn 0.0000 -0.9954 -0.0961
usemtl Material.002
s off
f 21/29/13 19/30/13 17/31/13
f 19/30/14 24/32/14 20/33/14
f 23/34/15 22/35/15 24/36/15
f 18/37/16 24/38/16 22/39/16
f 17/31/17 20/33/17 18/37/17
f 21/40/18 18/37/18 22/35/18
f 21/29/13 23/41/13 19/30/13
f 19/30/14 23/42/14 24/32/14
f 23/34/15 21/40/15 22/35/15
f 18/37/16 20/33/16 24/38/16
f 17/31/17 19/30/17 20/33/17
f 21/40/18 17/31/18 18/37/18
o Cube.003
v -3.425802 0.427489 -8.237729
v -3.425802 0.773582 -11.821843
v -3.425802 -0.044257 -8.283282
v -3.425802 0.301836 -11.867396
v -2.959006 0.427489 -8.237729
v -2.959006 0.773582 -11.821843
v -2.959006 -0.044257 -8.283282
v -2.959006 0.301836 -11.867396
vt 0.875000 0.500000
vt 0.625000 0.500000
vt 0.625000 0.750000
vt 0.375000 0.750000
vt 0.375000 1.000000
vt 0.625000 0.000000
vt 0.375000 0.000000
vt 0.375000 0.250000
vt 0.375000 0.500000
vt 0.125000 0.500000
vt 0.125000 0.750000
vt 0.625000 0.250000
vt 0.875000 0.750000
vt 0.625000 1.000000
vn 0.0000 -0.0961 0.9954
vn 0.0000 -0.9954 -0.0961
vn 1.0000 -0.0000 0.0000
vn 0.0000 0.0961 -0.9954
vn -1.0000 0.0000 0.0000
vn 0.0000 0.9954 0.0961
usemtl Material.003
s off
f 29/43/19 25/44/19 27/45/19
f 27/45/20 28/46/20 32/47/20
f 31/48/21 32/49/21 30/50/21
f 26/51/22 30/52/22 32/53/22
f 25/44/23 26/51/23 28/46/23
f 29/54/24 30/50/24 26/51/24
f 29/43/19 27/45/19 31/55/19
f 27/45/20 32/47/20 31/56/20
f 31/48/21 30/50/21 29/54/21
f 26/51/22 32/53/22 28/46/22
f 25/44/23 28/46/23 27/45/23
f 29/54/24 26/51/24 25/44/24
o Cube.004
v -3.028606 -0.487504 -5.829638
v -3.028606 0.447832 -4.570755
v -3.028606 -0.222487 -6.026544
v -3.028606 0.712850 -4.767660
v -3.356202 -0.487504 -5.829638
v -3.356202 0.447832 -4.570755
v -3.356202 -0.222487 -6.026544
v -3.356202 0.712850 -4.767660
vt 0.875000 0.500000
vt 0.625000 0.750000
vt 0.625000 0.500000
vt 0.375000 1.000000
vt 0.375000 0.750000
vt 0.625000 0.000000
vt 0.375000 0.250000
vt 0.375000 0.000000
vt 0.375000 0.500000
vt 0.125000 0.750000
vt 0.125000 0.500000
vt 0.625000 0.250000
vt 0.875000 0.750000
vt 0.625000 1.000000
vn 0.0000 -0.5964 -0.8027
vn 0.0000 0.8027 -0.5964
vn -1.0000 -0.0000 0.0000
vn 0.0000 0.5964 0.8027
vn 1.0000 -0.0000 0.0000
vn 0.0000 -0.8027 0.5964
usemtl Material.004
s off
f 37/57/25 35/58/25 33/59/25
f 35/58/26 40/60/26 36/61/26
f 39/62/27 38/63/27 40/64/27
f 34/65/28 40/66/28 38/67/28
f 33/59/29 36/61/29 34/65/29
f 37/68/30 34/65/30 38/63/30
f 37/57/25 39/69/25 35/58/25
f 35/58/26 39/70/26 40/60/26
f 39/62/27 37/68/27 38/63/27
f 34/65/28 36/61/28 40/66/28
f 33/59/29 35/58/29 36/61/29
f 37/68/30 33/59/30 34/65/30
o Cube.005
v -3.150090 0.674571 -11.683140
v -3.150090 1.078797 -11.655897
v -3.150090 0.680307 -11.768236
v -3.150090 1.084532 -11.740993
v -3.234718 0.674571 -11.683140
v -3.234718 1.078797 -11.655897
v -3.234718 0.680307 -11.768236
v -3.234718 1.084532 -11.740993
vt 0.875000 0.500000
vt 0.625000 0.750000
vt 0.625000 0.500000
vt 0.375000 1.000000
vt 0.375000 0.750000
vt 0.625000 0.000000
vt 0.375000 0.250000
vt 0.375000 0.000000
vt 0.375000 0.500000
vt 0.125000 0.750000
vt 0.125000 0.500000
vt 0.625000 0.250000
vt 0.875000 0.750000
vt 0.625000 1.000000
vn 0.0000 -0.9977 -0.0672
vn 0.0000 0.0672 -0.9977
vn -1.0000 0.0000 0.0000
vn 0.0000 0.9977 0.0672
vn 1.0000 0.0000 0.0000
vn 0.0000 -0.0672 0.9977
usemtl Material.005
s off
f 45/71/31 43/72/31 41/73/31
f 43/72/32 48/74/32 44/75/32
f 47/76/33 46/77/33 48/78/33
f 42/79/34 48/80/34 46/81/34
f 41/73/35 44/75/35 42/79/35
f 45/82/36 42/79/36 46/77/36
f 45/71/31 47/83/31 43/72/31
f 43/72/32 47/84/32 48/74/32
f 47/76/33 45/82/33 46/77/33
f 42/79/34 44/75/34 48/80/34
f 41/73/35 43/72/35 44/75/35
f 45/82/36 41/73/36 42/79/36
